C 20 15 2 0
M *********************x0++++-+++++-++000**0*+*+*+*++*+*+*-*0**++-+++++++++++0++-**0*+*+*+*-+*+*+*+*0**+++++00++++++0+-++**+*+*+*+*++*+*+*+*0**+++-+++++++++++++-**+*+*+*+*+0*+*+*+*0**+++++++++0++-+00-+**-*0*+*+*++*+*+*+*0**+++-+++++++-+++++0**0*+*+*+*++*+*+*+*0**00++++-++++-+++00x*********************
P 1 1 2 1 5 1 18 13 2 1 5 2 2 13 2 1 5 3 18 1 2 1 5 4 
M *********************x0++++-+++++-++000**0*+*+*+*++*+*+*-*0**++-+++++++++++0++-**0*+*+*+*-+*+*+*+*0**+++++00++++++0+-++**+*+*+*+*++*+*+*+*0**+++-+++++++++++++-**+*+*+*+*+0*+*+*+*0**+++++++++0++-+00-+**-*0*+*+*++*+*+*+*0**+++-+++++++-+++++0**0*+*+*+*++*+*+*+*0**00++++-++++-+++00x*********************
P 1 1 2 1 5 1 18 13 2 1 5 2 2 13 2 1 5 3 18 1 2 1 5 4 
M *********************x0++++-+++++-++000**0*+*+*+*++*+*+*-*0**++-+++++++++++0++-**0*+*+*+*-+*+*+*+*0**+++++00++++++0+-++**+*+*+*+*++*+*+*+*0**+++-+++++++++++++-**+*+*+*+*+0*+*+*+*0**+++++++++0++-+00-+**-*0*+*+*++*+*+*+*0**+++-+++++++-+++++0**0*+*+*+*++*+*+*+*0**00++++-++++-+++00x*********************
P 1 1 2 1 5 1 18 13 2 1 5 2 2 13 2 1 5 3 18 1 2 1 5 4 
M *********************x0++++-+++++-++000**0*+*+*+*++*+*+*-*0**++-+++++++++++0++-**0*+*+*+*-+*+*+*+*0**+++++00++++++0+-++**+*+*+*+*++*+*+*+*0**+++-+++++++++++++-**+*+*+*+*+0*+*+*+*0**+++++++++0++-+00-+**-*0*+*+*++*+*+*+*0**+++-+++++++-+++++0**0*+*+*+*++*+*+*+*0**00++++-++++-+++00x*********************
P 1 1 2 1 5 1 18 13 2 1 5 2 2 13 2 1 5 3 18 1 2 1 5 4 
M *********************x0++++-+++++-++000**0*+*+*+*++*+*+*-*0**++-+++++++++++0++-**0*+*+*+*-+*+*+*+*0**+++++00++++++0+-++**+*+*+*+*++*+*+*+*0**+++-+++++++++++++-**+*+*+*+*+0*+*+*+*0**+++++++++0++-+00-+**-*0*+*+*++*+*+*+*0**+++-+++++++-+++++0**0*+*+*+*++*+*+*+*0**00++++-++++-+++00x*********************
P 1 1 2 1 5 1 18 13 2 1 5 2 2 13 2 1 5 3 18 1 2 1 5 4 
M *********************x0++++-+++++-++000**0*+*+*+*++*+*+*-*0**++-+++++++++++0++-**0*+*+*+*-+*+*+*+*0**+++++00++++++0+-++**+*+*+*+*++*+*+*+*0**+++-+++++++++++++-**+*+*+*+*+0*+*+*+*0**+++++++++0++-+00-+**-*0*+*+*++*+*+*+*0**+++-+++++++-+++++0**0*+*+*+*++*+*+*+*0**00++++-++++-+++00x*********************
P 1 1 2 1 5 1 18 13 2 1 5 2 2 13 2 1 5 3 18 1 2 1 5 4 
